%controller.py starting
%controllerStats = [time, queueLength, nRef, nBackends, actualnBackends]
controllerStats = [ ...
1498038815.6, 0, 2, 2, 2; ...
1498038820.62, 0, 2, 2, 2; ...
1498038825.65, 0, 2, 2, 2; ...
1498038830.67, 0, 2, 2, 2; ...
1498038835.69, 0, 2, 2, 2; ...
1498038840.71, 0, 2, 2, 2; ...
1498038845.73, 0, 2, 2, 2; ...
1498038850.75, 0, 2, 2, 2; ...
1498038855.77, 0, 2, 2, 2; ...
1498038860.79, 0, 2, 2, 2; ...
1498038865.82, 1, 2, 2, 2; ...
1498038870.83, 0, 2, 2, 2; ...
1498038875.86, 0, 2, 2, 2; ...
1498038880.88, 1, 2, 2, 2; ...
1498038885.91, 0, 2, 2, 2; ...
1498038890.93, 0, 2, 2, 2; ...
1498038895.95, 1, 2, 2, 2; ...
1498038900.98, 0, 2, 2, 2; ...
1498038906.0, 2, 2, 2, 2; ...
1498038911.03, 0, 2, 2, 2; ...
1498038916.05, 0, 2, 2, 2; ...
1498038921.07, 0, 2, 2, 2; ...
1498038926.09, 0, 2, 2, 2; ...
1498038931.11, 1, 2, 2, 2; ...
1498038936.13, 1, 2, 2, 2; ...
1498038941.15, 1, 2, 2, 2; ...
1498038946.17, 0, 2, 2, 2; ...
1498038951.2, 0, 2, 2, 2; ...
1498038956.22, 0, 2, 2, 2; ...
1498038961.25, 1, 2, 2, 2; ...
1498038966.27, 0, 2, 2, 2; ...
1498038971.29, 1, 2, 2, 2; ...
1498038976.31, 1, 2, 2, 2; ...
1498038981.33, 0, 2, 2, 2; ...
1498038986.35, 0, 2, 2, 2; ...
1498038991.37, 1, 2, 2, 2; ...
1498038996.39, 0, 2, 2, 2; ...
1498039001.4, 1, 2, 2, 2; ...
1498039006.42, 1, 2, 2, 2; ...
1498039011.44, 0, 2, 2, 2; ...
1498039016.47, 1, 2, 2, 2; ...
1498039021.5, 2, 2, 2, 2; ...
1498039026.53, 2, 2, 2, 2; ...
1498039031.55, 1, 2, 2, 2; ...
1498039036.58, 1, 2, 2, 2; ...
1498039041.6, 1, 2, 2, 2; ...
1498039046.62, 1, 2, 2, 2; ...
1498039051.64, 1, 2, 2, 2; ...
1498039056.66, 0, 2, 2, 2; ...
1498039061.68, 1, 2, 2, 2; ...
1498039066.69, 1, 2, 2, 2; ...
1498039071.72, 0, 2, 2, 2; ...
1498039076.75, 1, 2, 2, 2; ...
1498039081.78, 1, 2, 2, 2; ...
1498039086.8, 2, 2, 2, 2; ...
1498039091.82, 0, 2, 2, 2; ...
1498039096.84, 0, 2, 2, 2; ...
1498039101.86, 1, 2, 2, 2; ...
1498039106.88, 1, 2, 2, 2; ...
1498039111.9, 0, 2, 2, 2; ...
1498039116.93, 1, 2, 2, 2; ...
1498039121.94, 0, 2, 2, 2; ...
1498039126.97, 0, 2, 2, 2; ...
1498039131.99, 0, 2, 2, 2; ...
1498039137.01, 0, 2, 2, 2; ...
1498039142.04, 2, 2, 2, 2; ...
1498039147.06, 2, 2, 2, 2; ...
1498039152.08, 2, 2, 2, 2; ...
1498039157.1, 1, 2, 2, 2; ...
1498039162.12, 0, 2, 2, 2; ...
1498039167.14, 1, 2, 2, 2; ...
1498039172.16, 1, 2, 2, 2; ...
1498039177.18, 0, 2, 2, 2; ...
1498039182.21, 1, 2, 2, 2; ...
1498039187.23, 1, 2, 2, 2; ...
1498039192.25, 1, 2, 2, 2; ...
1498039197.28, 1, 2, 2, 2; ...
1498039202.3, 1, 2, 2, 2; ...
1498039207.32, 1, 2, 2, 2; ...
1498039212.34, 0, 2, 2, 2; ...
1498039217.36, 0, 2, 2, 2; ...
1498039222.38, 0, 2, 2, 2; ...
1498039227.4, 1, 2, 2, 2; ...
1498039232.43, 2, 2, 2, 2; ...
1498039237.45, 2, 2, 2, 2; ...
1498039242.47, 0, 2, 2, 2; ...
1498039247.49, 0, 2, 2, 2; ...
1498039252.51, 2, 2, 2, 2; ...
1498039257.53, 3, 2, 2, 2; ...
1498039262.55, 1, 2, 2, 2; ...
1498039267.57, 1, 2, 2, 2; ...
1498039272.6, 1, 2, 2, 2; ...
1498039277.63, 0, 2, 2, 2; ...
1498039282.65, 0, 2, 2, 2; ...
1498039287.67, 1, 2, 2, 2; ...
1498039292.69, 0, 2, 2, 2; ...
1498039297.71, 0, 2, 2, 2; ...
1498039302.74, 0, 2, 2, 2; ...
1498039307.75, 0, 2, 2, 2; ...
1498039312.77, 0, 2, 2, 2; ...
1498039317.79, 1, 2, 2, 2; ...
1498039322.82, 1, 2, 2, 2; ...
1498039327.85, 1, 2, 2, 2; ...
1498039332.87, 0, 2, 2, 2; ...
1498039337.89, 0, 2, 2, 2; ...
1498039342.91, 1, 2, 2, 2; ...
1498039347.93, 0, 2, 2, 2; ...
1498039352.96, 0, 2, 2, 2; ...
1498039357.98, 1, 2, 2, 2; ...
1498039363.0, 0, 2, 2, 2; ...
1498039368.02, 0, 2, 2, 2; ...
1498039373.04, 0, 2, 2, 2; ...
1498039378.06, 0, 2, 2, 2; ...
1498039383.1, 1, 2, 2, 2; ...
1498039388.12, 0, 2, 2, 2; ...
1498039393.14, 1, 2, 2, 2; ...
1498039398.16, 1, 2, 2, 2; ...
1498039403.18, 1, 2, 2, 2; ...
1498039408.2, 2, 2, 2, 2; ...
1498039413.23, 1, 2, 2, 2; ...
1498039418.24, 0, 2, 2, 2; ...
1498039423.26, 1, 2, 2, 2; ...
1498039428.28, 0, 2, 2, 2; ...
1498039433.31, 0, 2, 2, 2; ...
1498039438.33, 2, 2, 2, 2; ...
1498039443.35, 1, 2, 2, 2; ...
1498039448.37, 1, 2, 2, 2; ...
1498039453.39, 0, 2, 2, 2; ...
1498039458.4, 2, 2, 2,VM WASPMQ-BACKEND3 created
 2; ...
1498039463.42, 2, 2, 2, 2; ...
1498039468.44, 0, 2, 2, 2; ...
1498039473.46, 1, 2, 2, 2; ...
1498039478.48, 0, 2, 2, 2; ...
1498039483.5, 0, 2, 2, 2; ...
1498039488.52, 1, 2, 2, 2; ...
1498039493.54, 1, 2, 2, 2; ...
1498039498.56, 0, 2, 2, 2; ...
1498039503.57, 1, 2, 2, 2; ...
1498039508.59, 1, 2, 2, 2; ...
1498039513.61, 1, 2, 2, 2; ...
1498039518.63, 2, 2, 2, 2; ...
1498039523.65, 1, 2, 2, 2; ...
1498039528.67, 1, 2, 2, 2; ...
1498039533.69, 3, 2, 2, 2; ...
1498039538.71, 1, 2, 2, 2; ...
1498039543.73, 1, 2, 2, 2; ...
1498039548.75, 0, 2, 2, 2; ...
1498039553.78, 0, 2, 2, 2; ...
1498039558.8, 0, 2, 2, 2; ...
1498039563.82, 0, 2, 2, 2; ...
1498039568.84, 0, 2, 2, 2; ...
1498039573.85, 0, 2, 2, 2; ...
1498039578.88, 1, 2, 2, 2; ...
1498039583.91, 1, 2, 2, 2; ...
1498039588.93, 0, 2, 2, 2; ...
1498039593.96, 3, 2, 2, 2; ...
1498039598.99, 2, 2, 2, 2; ...
1498039604.01, 1, 2, 2, 2; ...
1498039609.03, 1, 2, 2, 2; ...
1498039614.05, 1, 2, 2, 2; ...
1498039619.07, 0, 2, 2, 2; ...
1498039624.09, 0, 2, 2, 2; ...
1498039629.11, 1, 2, 2, 2; ...
1498039634.13, 0, 2, 2, 2; ...
1498039639.15, 0, 2, 2, 2; ...
1498039644.17, 1, 2, 2, 2; ...
1498039649.19, 1, 2, 2, 2; ...
1498039654.22, 0, 2, 2, 2; ...
1498039659.24, 1, 2, 2, 2; ...
1498039664.26, 0, 2, 2, 2; ...
1498039669.28, 1, 2, 2, 2; ...
1498039674.3, 1, 2, 2, 2; ...
1498039679.32, 1, 2, 2, 2; ...
1498039684.34, 0, 2, 2, 2; ...
1498039689.36, 2, 2, 2, 2; ...
1498039694.37, 1, 2, 2, 2; ...
1498039699.39, 1, 2, 2, 2; ...
1498039704.42, 0, 2, 2, 2; ...
1498039709.44, 0, 2, 2, 2; ...
1498039714.47, 1, 2, 2, 2; ...
1498039719.49, 2, 2, 2, 2; ...
1498039724.51, 1, 2, 2, 2; ...
1498039729.53, 1, 2, 2, 2; ...
1498039734.55, 1, 2, 2, 2; ...
1498039739.58, 1, 2, 2, 2; ...
1498039744.6, 1, 2, 2, 2; ...
1498039749.63, 1, 2, 2, 2; ...
1498039754.65, 1, 2, 2, 2; ...
1498039759.67, 0, 2, 2, 2; ...
1498039764.69, 0, 2, 2, 2; ...
1498039769.71, 0, 2, 2, 2; ...
1498039774.73, 0, 2, 2, 2; ...
1498039779.75, 1, 2, 2, 2; ...
1498039784.77, 0, 2, 2, 2; ...
1498039789.79, 1, 2, 2, 2; ...
1498039794.82, 1, 2, 2, 2; ...
1498039799.83, 1, 2, 2, 2; ...
1498039804.85, 1, 2, 2, 2; ...
1498039809.87, 1, 2, 2, 2; ...
1498039814.89, 1, 2, 2, 2; ...
1498039819.91, 1, 2, 2, 2; ...
1498039824.94, 1, 2, 2, 2; ...
1498039829.96, 1, 2, 2, 2; ...
1498039834.97, 1, 2, 2, 2; ...
1498039839.99, 1, 2, 2, 2; ...
1498039845.02, 1, 2, 2, 2; ...
1498039850.04, 0, 2, 2, 2; ...
1498039855.06, 1, 2, 2, 2; ...
1498039860.08, 1, 2, 2, 2; ...
1498039865.1, 0, 2, 2, 2; ...
1498039870.12, 1, 2, 2, 2; ...
1498039875.15, 1, 2, 2, 2; ...
1498039880.17, 0, 2, 2, 2; ...
1498039885.2, 0, 2, 2, 2; ...
1498039890.22, 0, 2, 2, 2; ...
1498039895.24, 0, 2, 2, 2; ...
1498039900.27, 0, 2, 2, 2; ...
1498039905.29, 2, 2, 2, 2; ...
1498039910.31, 0, 2, 2, 2; ...
1498039915.34, 0, 2, 2, 2; ...
1498039920.36, 1, 2, 2, 2; ...
1498039925.37, 2, 2, 2, 2; ...
1498039930.39, 0, 2, 2, 2; ...
1498039935.41, 1, 2, 2, 2; ...
1498039940.43, 1, 2, 2, 2; ...
1498039945.45, 1, 2, 2, 2; ...
1498039950.47, 1, 2, 2, 2; ...
1498039955.49, 0, 2, 2, 2; ...
1498039960.51, 1, 2, 2, 2; ...
1498039965.53, 1, 2, 2, 2; ...
1498039970.55, 0, 2, 2, 2; ...
1498039975.58, 0, 2, 2, 2; ...
1498039980.6, 0, 2, 2, 2; ...
1498039985.62, 0, 2, 2, 2; ...
1498039990.65, 1, 2, 2, 2; ...
1498039995.67, 1, 2, 2, 2; ...
1498040000.69, 1, 2, 2, 2; ...
1498040005.72, 1, 2, 2, 2; ...
1498040010.74, 2, 2, 2, 2; ...
1498040015.76, 1, 2, 2, 2; ...
1498040020.77, 1, 2, 2, 2; ...
1498040025.79, 1, 2, 2, 2; ...
1498040030.81, 1, 2, 2, 2; ...
1498040035.83, 0, 2, 2, 2; ...
1498040040.85, 0, 2, 2, 2; ...
1498040045.88, 0, 2, 2, 2; ...
1498040050.9, 1, 2, 2, 2; ...
1498040055.92, 2, 2, 2, 2; ...
1498040060.94, 1, 2, 2, 2; ...
1498040065.96, 1, 2, 2, 2; ...
1498040070.98, 0, 2, 2, 2; ...
1498040075.99, 0, 2, 2, 2; ...
1498040081.02, 0, 2, 2, 2; ...
1498040086.04, 0, 2, 2, 2; ...
1498040091.05, 3, 2, 2, 2; ...
1498040096.08, 3, 2, 2, 2; ...
1498040101.11, 3, 2, 2, 2; ...
1498040106.13, 3, 2, 2, 2; ...
1498040111.15, 1, 2, 2, 2; ...
1498040116.17, 18, 2, 2, 2; ...
1498040144.88, 18, 3, 3, 2; ...
14VM WASPMQ-BACKEND4 created
VM WASPMQ-BACKEND5 created
VM WASPMQ-BACKEND6 created
VM WASPMQ-BACKEND7 created
VM WASPMQ-BACKEND8 created
98040149.9, 32, 3, 3, 2; ...
1498040179.55, 32, 4, 4, 2; ...
1498040210.73, 28, 5, 5, 2; ...
1498040215.76, 26, 5, 5, 2; ...
1498040220.78, 25, 5, 5, 2; ...
1498040256.75, 24, 6, 6, 2; ...
1498040261.77, 24, 6, 6, 2; ...
1498040266.79, 22, 6, 6, 2; ...
1498040271.81, 22, 6, 6, 2; ...
1498040276.84, 22, 6, 6, 2; ...
1498040281.86, 22, 6, 6, 2; ...
1498040286.88, 22, 6, 6, 2; ...
1498040291.9, 20, 6, 6, 2; ...
1498040327.79, 20, 7, 7, 2; ...
1498040332.81, 19, 6, 7, 2; ...
1498040337.83, 18, 6, 7, 2; ...
1498040342.86, 18, 6, 7, 2; ...
1498040347.89, 18, 6, 7, 2; ...
1498040352.91, 17, 6, 7, 2; ...
1498040357.94, 16, 6, 7, 2; ...
1498040362.95, 16, 6, 7, 2; ...
1498040367.97, 16, 6, 7, 2; ...
1498040372.99, 16, 6, 7, 2; ...
1498040378.02, 15, 6, 7, 2; ...
1498040383.04, 15, 6, 7, 2; ...
1498040388.05, 14, 6, 7, 2; ...
1498040393.08, 14, 6, 7, 2; ...
1498040398.1, 14, 5, 7, 2; ...
1498040403.12, 13, 5, 7, 2; ...
1498040408.14, 13, 5, 7, 2; ...
1498040413.16, 13, 5, 7, 2; ...
1498040418.18, 12, 5, 7, 2; ...
1498040423.19, 12, 5, 7, 2; ...
1498040428.22, 12, 5, 7, 2; ...
1498040433.24, 12, 5, 7, 2; ...
1498040438.25, 12, 5, 7, 2; ...
1498040443.28, 11, 5, 7, 2; ...
1498040448.3, 11, 4, 7, 2; ...
1498040453.32, 10, 4, 7, 2; ...
1498040458.34, 10, 4, 7, 2; ...
1498040463.37, 10, 4, 7, 2; ...
1498040468.39, 10, 4, 7, 2; ...
1498040473.41, 9, 4, 7, 2; ...
1498040478.43, 9, 4, 7, 2; ...
1498040483.46, 8, 4, 7, 2; ...
1498040488.48, 8, 4, 7, 2; ...
1498040493.5, 8, 4, 7, 2; ...
1498040498.52, 7, 3, 7, 2; ...
1498040503.54, 7, 3, 7, 2; ...
1498040508.56, 7, 3, 7, 2; ...
1498040513.58, 6, 3, 7, 2; ...
1498040518.59, 6, 3, 7, 2; ...
1498040523.62, 5, 3, 7, 2; ...
1498040528.64, 5, 3, 7, 2; ...
1498040533.67, 4, 3, 7, 2; ...
1498040538.69, 4, 3, 7, 2; ...
1498040543.71, 4, 3, 7, 2; ...
1498040548.73, 4, 3, 7, 2; ...
1498040553.75, 27, 3, 7, 2; ...
1498040558.77, 34, 4, 7, 2; ...
1498040563.79, 34, 4, 7, 2; ...
1498040568.8, 33, 5, 7, 2; ...
1498040573.83, 33, 6, 7, 2; ...
1498040578.84, 32, 6, 7, 2; ...
1498040583.86, 32, 6, 7, 2; ...
1498040588.88, 32, 7, 7, 2; ...
1498040593.89, 31, 7, 7, 2; ...
1498040598.91, 30, 7, 7, 2; ...
1498040630.74, 30, 8, 8, 2; ...
1498040635.76, 24, 8, 8, 3; ...
1498040640.78, 24, 8, 8, 3; ...
1498040645.81, 23, 8, 8, 3; ...
1498040650.82, 22, 8, 8, 3; ...
1498040655.84, 21, 8, 8, 3; ...
1498040660.86, 21, 8, 8, 3; ...
1498040665.88, 20, 7, 8, 3; ...
1498040670.9, 19, 7, 8, 3; ...
1498040675.92, 17, 7, 8, 4; ...
1498040680.95, 16, 7, 8, 4; ...
1498040685.97, 15, 7, 8, 4; ...
1498040691.0, 14, 7, 8, 4; ...
1498040696.01, 13, 6, 8, 4; ...
1498040701.04, 12, 6, 8, 4; ...
1498040706.06, 10, 6, 8, 5; ...
1498040711.08, 9, 6, 8, 5; ...
1498040716.09, 8, 5, 8, 5; ...
1498040721.12, 9, 5, 8, 5; ...
1498040726.13, 6, 5, 8, 5; ...
1498040731.16, 6, 4, 8, 5; ...
1498040736.17, 5, 4, 8, 5; ...
1498040741.19, 5, 4, 8, 5; ...
1498040746.21, 2, 4, 8, 5; ...
1498040751.22, 2, 4, 8, 5; ...
1498040756.24, 1, 3, 8, 5; ...
1498040761.26, 0, 3, 8, 5; ...
1498040766.28, 0, 3, 8, 5; ...
1498040771.3, 0, 3, 8, 5; ...
1498040776.32, 0, 3, 8, 5; ...
1498040781.35, 0, 3, 8, 5; ...
1498040786.36, 0, 3, 8, 5; ...
1498040791.38, 0, 3, 8, 5; ...
1498040796.4, 0, 3, 8, 5; ...
1498040801.42, 0, 3, 8, 5; ...
1498040806.44, 0, 3, 8, 5; ...
1498040811.46, 0, 2, 8, 6; ...
1498040816.48, 0, 2, 8, 6; ...
1498040821.5, 0, 2, 8, 6; ...
1498040826.52, 0, 2, 8, 6; ...
1498040831.55, 0, 2, 8, 6; ...
1498040836.56, 0, 2, 8, 6; ...
1498040841.59, 0, 2, 8, 6; ...
1498040846.6, 0, 2, 8, 6; ...
1498040851.62, 0, 2, 8, 6; ...
1498040856.64, 0, 2, 8, 6; ...
1498040861.66, 0, 2, 8, 6; ...
1498040866.68, 0, 2, 8, 6; ...
1498040871.7, 22, 3, 8, 6; ...
1498040876.72, 22, 3, 8, 6; ...
1498040881.74, 26, 4, 8, 6; ...
1498040886.76, 23, 4, 8, 6; ...
1498040891.78, 21, 4, 8, 7; ...
1498040896.81, 21, 5, 8, 7; ...
1498040901.83, 18, 5, 8, 7; ...
1498040906.86, 17, 5, 8, 7; ...
1498040911.88, 15, 5, 8, 7; ...
1498040916.9, 14, 5, 8, 7; ...
1498040921.92, 14, 5, 8, 7; ...
1498040926.94, 11, 5, 8, 7; ...
1498040931.96, 10, 5, 8, 7; ...
1498040936.98, 8, 4, 8, 7; ...
1VM WASPMQ-BACKEND8 deleted
VM WASPMQ-BACKEND7 deleted
VM WASPMQ-BACKEND6 deleted
VM WASPMQ-BACKEND5 deleted
VM WASPMQ-BACKEND4 deleted
VM WASPMQ-BACKEND3 deleted
498040942.0, 7, 4, 8, 7; ...
1498040947.02, 7, 4, 8, 7; ...
1498040952.05, 4, 4, 8, 7; ...
1498040957.06, 4, 4, 8, 7; ...
1498040962.09, 1, 3, 8, 7; ...
1498040967.11, 0, 3, 8, 7; ...
1498040972.12, 0, 3, 8, 7; ...
1498040977.14, 0, 3, 8, 7; ...
1498040982.16, 0, 3, 8, 7; ...
1498040987.18, 0, 3, 8, 7; ...
1498040992.2, 0, 3, 8, 7; ...
1498040997.22, 0, 3, 8, 7; ...
1498041002.24, 0, 3, 8, 7; ...
1498041007.25, 0, 3, 8, 7; ...
1498041012.27, 0, 3, 8, 7; ...
1498041017.29, 0, 2, 8, 7; ...
1498041022.3, 0, 2, 8, 7; ...
1498041027.32, 0, 2, 8, 7; ...
1498041032.34, 0, 2, 8, 7; ...
1498041037.36, 0, 2, 8, 7; ...
1498041042.38, 0, 2, 8, 7; ...
1498041047.4, 13, 2, 8, 7; ...
1498041052.42, 21, 3, 8, 7; ...
1498041057.44, 21, 3, 8, 7; ...
1498041062.46, 21, 4, 8, 7; ...
1498041067.48, 23, 4, 8, 7; ...
1498041072.5, 18, 4, 8, 7; ...
1498041077.52, 18, 4, 8, 7; ...
1498041082.54, 18, 5, 8, 7; ...
1498041087.56, 18, 5, 8, 7; ...
1498041092.58, 12, 5, 8, 7; ...
1498041097.59, 11, 5, 8, 7; ...
1498041102.61, 11, 4, 8, 7; ...
1498041107.63, 11, 4, 8, 7; ...
1498041112.66, 8, 4, 8, 7; ...
1498041117.68, 4, 4, 8, 7; ...
1498041122.71, 4, 4, 8, 7; ...
1498041127.73, 5, 4, 8, 7; ...
1498041132.75, 2, 3, 8, 7; ...
1498041137.78, 0, 3, 8, 7; ...
1498041142.8, 0, 3, 8, 7; ...
1498041147.83, 0, 3, 8, 8; ...
1498041152.85, 0, 3, 8, 8; ...
1498041157.87, 0, 3, 8, 8; ...
1498041162.9, 0, 3, 8, 8; ...
1498041167.91, 0, 3, 8, 8; ...
1498041172.93, 0, 3, 8, 8; ...
1498041177.95, 0, 3, 8, 8; ...
1498041182.97, 0, 3, 8, 8; ...
1498041187.99, 0, 2, 8, 8; ...
1498041193.02, 6, 2, 8, 8; ...
1498041198.04, 20, 3, 8, 8; ...
1498041203.06, 20, 3, 8, 8; ...
1498041284.62, 20, 4, 4, 8; ...
1498041302.15, 0, 3, 3, 8; ...
1498041307.18, 0, 3, 3, 8; ...
1498041312.2, 19, 4, 3, 8; ...
1498041317.22, 19, 4, 3, 8; ...
1498041322.24, 16, 4, 3, 8; ...
1498041327.26, 16, 4, 3, 8; ...
1498041332.28, 16, 4, 3, 8; ...
1498041337.3, 13, 4, 3, 8; ...
1498041342.32, 13, 4, 3, 8; ...
1498041347.34, 10, 4, 3, 8; ...
1498041352.36, 10, 4, 3, 8; ...
1498041357.38, 10, 4, 3, 8; ...
1498041362.4, 7, 4, 3, 8; ...
1498041367.43, 7, 4, 3, 8; ...
1498041372.45, 7, 4, 3, 7; ...
1498041377.47, 5, 3, 3, 7; ...
1498041382.48, 5, 3, 3, 7; ...
1498041387.52, 5, 3, 3, 6; ...
1498041392.54, 3, 3, 3, 6; ...
1498041397.56, 5, 3, 3, 4; ...
1498041402.58, 5, 3, 3, 4; ...
1498041407.6, 2, 3, 3, 4; ...
1498041412.62, 3, 3, 3, 3; ...
1498041417.64, 3, 3, 3, 3; ...
1498041422.66, 0, 3, 3, 3; ...
1498041442.22, 0, 2, 2, 3; ...
1498041447.24, 0, 2, 2, 3; ...
1498041452.27, 0, 2, 2, 3; ...
1498041457.29, 1, 2, 2, 3; ...
1498041462.31, 0, 2, 2, 3; ...
1498041467.33, 2, 2, 2, 3; ...
1498041472.34, 3, 2, 2, 3; ...
1498041477.36, 2, 2, 2, 3; ...
1498041482.38, 1, 2, 2, 3; ...
1498041487.4, 2, 2, 2, 3; ...
1498041492.43, 3, 2, 2, 3; ...
1498041497.45, 2, 2, 2, 3; ...
1498041502.47, 1, 2, 2, 3; ...
1498041507.49, 1, 2, 2, 3; ...
1498041512.51, 1, 2, 2, 3; ...
1498041517.53, 2, 2, 2, 3; ...
1498041522.55, 2, 2, 2, 3; ...
1498041527.56, 1, 2, 2, 3; ...
1498041532.58, 1, 2, 2, 3; ...
1498041537.61, 1, 2, 2, 3; ...
1498041542.63, 1, 2, 2, 3; ...
1498041547.65, 4, 2, 2, 3; ...
1498041552.68, 4, 2, 2, 3; ...
1498041557.69, 2, 2, 2, 3; ...
1498041562.72, 2, 2, 2, 3; ...
1498041567.74, 2, 2, 2, 3; ...
1498041572.76, 2, 2, 2, 3; ...
1498041577.78, 2, 2, 2, 3; ...
1498041582.79, 2, 2, 2, 3; ...
1498041587.82, 2, 2, 2, 3; ...
1498041592.84, 2, 2, 2, 3; ...
1498041597.86, 1, 2, 2, 3; ...
1498041602.89, 2, 2, 2, 2; ...
1498041607.91, 4, 2, 2, 2; ...
1498041612.93, 4, 2, 2, 2; ...
1498041617.95, 5, 2, 2, 2; ...
1498041622.97, 5, 2, 2, 2; ...
1498041627.98, 4, 2, 2, 2; ...
1498041633.0, 3, 2, 2, 2; ...
1498041638.02, 3, 2, 2, 2; ...
1498041643.04, 2, 2, 2, 2; ...
1498041648.05, 3, 2, 2, 2; ...
1498041653.08, 4, 2, 2, 2; ...
1498041658.11, 4, 2, 2, 2; ...
1498041663.13, 3, 2, 2, 2; ...
1498041668.15, 3, 2, 2, 2; ...
1498041673.17, 2, 2, 2, 2; ...
1498041678.19, 7, 2, 2, 2; ...
1498041683.22, 6, 2, 2, 2; ...
1498041688.24, 5, 2, 2, 2; ...
1498041693.26, 4, 2, 2, 2; ...
1498041698.29, 4, 2, 2, 2; ...
1498041703.32, 4, 2, 2, 2; ...
1498041708.34, 3, 2, 2, 2; ...
1498041713.35, 3, 2, 2, 2; ...
1498041718.37, 3, 2, 2, 2; ...
1498041723.39, 3, 2, 2, 2; ...
1498041728.41, 2, 2, 2, 2; ...
1498041733.43, 3, 2, 2, 2; ...
1498041738.45, 7, 2, 2, 2; ...
1498041743.47, 6, 2, 2, 2; ...
1498041748.49, 6, 2, 2, 2; ...
1498041753.52, 5, 2, 2, 2; ...
1498041758.54, 4, 2, 2, 2; ...
1498041763.56, 3, 2, 2, 2; ...
1498041768.57, 3, 2, 2, 2; ...
1498041773.59, 5, 2, 2, 2; ...
1498041778.61, 4, 2, 2, 2; ...
1498041783.64, 4, 2, 2, 2; ...
1498041788.65, 3, 2, 2, 2; ...
1498041793.68, 2, 2, 2, 2; ...
1498041798.7, 1, 2, 2, 2; ...
1498041803.73, 2, 2, 2, 2; ...
1498041808.75, 3, 2, 2, 2; ...
1498041813.77, 2, 2, 2, 2; ...
1498041818.79, 3, 2, 2, 2; ...
1498041823.81, 3, 2, 2, 2; ...
1498041828.82, 3, 2, 2, 2; ...
1498041833.84, 3, 2, 2, 2; ...
1498041838.86, 3, 2, 2, 2; ...
1498041843.88, 3, 2, 2, 2; ...
1498041848.89, 4, 2, 2, 2; ...
1498041853.91, 3, 2, 2, 2; ...
1498041858.95, 3, 2, 2, 2; ...
1498041863.97, 3, 2, 2, 2; ...
1498041868.98, 3, 2, 2, 2; ...
1498041874.01, 3, 2, 2, 2; ...
1498041879.03, 3, 2, 2, 2; ...
1498041884.06, 5, 2, 2, 2; ...
1498041889.08, 4, 2, 2, 2; ...
1498041894.1, 4, 2, 2, 2; ...
1498041899.12, 3, 2, 2, 2; ...
1498041904.14, 4, 2, 2, 2; ...
1498041909.16, 3, 2, 2, 2; ...
1498041914.18, 5, 2, 2, 2; ...
1498041919.21, 5, 2, 2, 2; ...
1498041924.24, 4, 2, 2, 2; ...
1498041929.26, 3, 2, 2, 2; ...
1498041934.28, 4, 2, 2, 2; ...
1498041939.3, 3, 2, 2, 2; ...
1498041944.32, 2, 2, 2, 2; ...
1498041949.34, 4, 2, 2, 2; ...
1498041954.36, 5, 2, 2, 2; ...
1498041959.38, 4, 2, 2, 2; ...
1498041964.4, 3, 2, 2, 2; ...
1498041969.42, 4, 2, 2, 2; ...
1498041974.44, 4, 2, 2, 2; ...
1498041979.46, 4, 2, 2, 2; ...
1498041984.49, 3, 2, 2, 2; ...
1498041989.52, 3, 2, 2, 2; ...
1498041994.54, 2, 2, 2, 2; ...
1498041999.56, 1, 2, 2, 2; ...
1498042004.58, 4, 2, 2, 2; ...
1498042009.6, 3, 2, 2, 2; ...
1498042014.62, 2, 2, 2, 2; ...
1498042019.65, 3, 2, 2, 2; ...
1498042024.68, 3, 2, 2, 2; ...
1498042029.7, 1, 2, 2, 2; ...
1498042034.72, 3, 2, 2, 2; ...
1498042039.73, 4, 2, 2, 2; ...
1498042044.75, 5, 2, 2, 2; ...
1498042049.77, 3, 2, 2, 2; ...
1498042054.79, 3, 2, 2, 2; ...
1498042059.81, 4, 2, 2, 2; ...
1498042064.83, 2, 2, 2, 2; ...
1498042069.85, 2, 2, 2, 2; ...
1498042074.87, 3, 2, 2, 2; ...
1498042079.9, 3, 2, 2, 2; ...
1498042084.92, 5, 2, 2, 2; ...
1498042089.94, 5, 2, 2, 2; ...
1498042094.96, 6, 2, 2, 2; ...
1498042099.98, 4, 2, 2, 2; ...
1498042105.01, 4, 2, 2, 2; ...
1498042110.02, 4, 2, 2, 2; ...
1498042115.04, 2, 2, 2, 2; ...
1498042120.07, 4, 2, 2, 2; ...
1498042125.09, 3, 2, 2, 2; ...
1498042130.1, 3, 2, 2, 2; ...
1498042135.12, 3, 2, 2, 2; ...
1498042140.14, 1, 2, 2, 2; ...
1498042145.16, 3, 2, 2, 2; ...
1498042150.18, 5, 2, 2, 2; ...
1498042155.2, 5, 2, 2, 2; ...
1498042160.22, 5, 2, 2, 2; ...
1498042165.24, 3, 2, 2, 2; ...
1498042170.27, 3, 2, 2, 2; ...
1498042175.3, 2, 2, 2, 2; ...
1498042180.31, 3, 2, 2, 2; ...
1498042185.34, 2, 2, 2, 2; ...
1498042190.35, 2, 2, 2, 2; ...
1498042195.37, 1, 2, 2, 2; ...
1498042200.39, 5, 2, 2, 2; ...
1498042205.41, 3, 2, 2, 2; ...
1498042210.42, 4, 2, 2, 2; ...
1498042215.44, 4, 2, 2, 2; ...
1498042220.46, 4, 2, 2, 2; ...
1498042225.48, 2, 2, 2, 2; ...
1498042230.5, 3, 2, 2, 2; ...
1498042235.52, 3, 2, 2, 2; ...
1498042240.54, 1, 2, 2, 2; ...
1498042245.56, 3, 2, 2, 2; ...
1498042250.58, 3, 2, 2, 2; ...
1498042255.61, 1, 2, 2, 2; ...
1498042260.63, 1, 2, 2, 2; ...
1498042265.65, 4, 2, 2, 2; ...
1498042270.68, 5, 2, 2, 2; ...
1498042275.69, 4, 2, 2, 2; ...
1498042280.71, 4, 2, 2, 2; ...
1498042285.73, 3, 2, 2, 2; ...
1498042290.75, 2, 2, 2, 2; ...
1498042295.77, 2, 2, 2, 2; ...
1498042300.79, 3, 2, 2, 2; ...
1498042305.81, 2, 2, 2, 2; ...
1498042310.82, 2, 2, 2, 2; ...
1498042315.84, 1, 2, 2, 2; ...
1498042320.87, 0, 2, 2, 2; ...
1498042325.89, 5, 2, 2, 2; ...
1498042330.91, 4, 2, 2, 2; ...
1498042335.92, 4, 2, 2, 2; ...
1498042340.94, 3, 2, 2, 2; ...
1498042345.96, 2, 2, 2, 2; ...
1498042350.97, 2, 2, 2, 2; ...
1498042355.99, 2, 2, 2, 2; ...
1498042361.0, 1, 2, 2, 2; ...
1498042366.03, 3, 2, 2, 2; ...
1498042371.06, 3, 2, 2, 2; ...
1498042376.08, 2, 2, 2, 2; ...
1498042381.09, 2, 2, 2, 2; ...
1498042386.11, 1, 2, 2, 2; ...
1498042391.13, 6, 2, 2, 2; ...
1498042396.15, 6, 2, 2, 2; ...
1498042401.16, 5, 2, 2, 2; ...
1498042406.19, 4, 2, 2, 2; ...
1498042411.21, 4, 2, 2, 2; ...
1498042416.24, 2, 2, 2, 2; ...
1498042421.26, 4, 2, 2, 2; ...
1498042426.29, 4, 2, 2, 2; ...
1498042431.3, 3, 2, 2, 2; ...
1498042436.32, 3, 2, 2, 2; ...
1498042441.34, 2, 2, 2, 2; ...
1498042446.36, 1, 2, 2, 2; ...
1498042451.38, 2, 2, 2, 2; ...
1498042456.4, 4, 2, 2, 2; ...
1498042461.42, 2, 2, 2, 2; ...
1498042466.44, 3, 2, 2, 2; ...
1498042471.46, 3, 2, 2, 2; ...
1498042476.48, 3, 2, 2, 2; ...
1498042481.5, 2, 2, 2, 2; ...
1498042486.51, 3, 2, 2, 2; ...
